

uzg: 2.734375   2.734375   2.7800002
vub: 4.07283  4.07283  3. 
azg: 1.8229166  1.8229166  2.07

target: 2.734375, 2.734375, 3.2700